-0.854755 -0.713114 -0.572232 -0.428375 -0.286058 -0.142866 
-0.713114 -1.42781 -1.14194 -0.857945 -0.571416 -0.28539 
-0.572232 -1.14194 -1.7146 -1.28567 -0.8564 -0.428721 
-0.428375 -0.857945 -1.28567 -1.71407 -1.1437 -0.570608 
-0.286058 -0.571416 -0.8564 -1.1437 -1.42934 -0.7155 
-0.142866 -0.28539 -0.428721 -0.570608 -0.7155 -0.859559 
