-65.7084 -118.485 -147.871 -147.971 -118.708 -65.8872 
-118.485 -213.651 -266.64 -266.819 -214.054 -118.807 
-147.871 -266.64 -332.77 -332.995 -267.143 -148.273 
-147.971 -266.819 -332.995 -333.219 -267.323 -148.373 
-118.708 -214.054 -267.143 -267.323 -214.458 -119.031 
-65.8872 -118.807 -148.273 -148.373 -119.031 -66.0665 
