-5.52196e+10 -1.10426e+11 -1.65605e+11 -2.20743e+11 -2.75828e+11 -3.30845e+11 -3.85782e+11 -4.40624e+11 -4.95359e+11 -5.49972e+11 -6.04452e+11 -6.58783e+11 -7.12954e+11 -7.6695e+11 -8.2076e+11 -8.74368e+11 -9.27763e+11 -9.80932e+11 -1.03386e+12 -1.08654e+12 -1.13895e+12 -1.19108e+12 -1.24292e+12 -1.29446e+12 -1.34568e+12 -1.39657e+12 -1.44713e+12 -1.49732e+12 -1.54716e+12 -1.59661e+12 -1.64568e+12 -1.69434e+12 -1.74259e+12 -1.79041e+12 -1.8378e+12 -1.88473e+12 -1.93121e+12 -1.97721e+12 -2.02273e+12 -2.06776e+12 -2.11228e+12 -2.15629e+12 -2.19977e+12 -2.24271e+12 -2.2851e+12 -2.32694e+12 -2.36821e+12 -2.4089e+12 -2.449e+12 -2.4885e+12 -2.52739e+12 -2.56567e+12 -2.60332e+12 -2.64033e+12 -2.6767e+12 -2.71242e+12 -2.74747e+12 -2.78185e+12 -2.81555e+12 -2.84857e+12 -2.88089e+12 -2.9125e+12 -2.9434e+12 -2.97359e+12 -3.00304e+12 -3.03177e+12 -3.05975e+12 -3.08699e+12 -3.11347e+12 -3.13919e+12 -3.16414e+12 -3.18833e+12 -3.21173e+12 -3.23435e+12 -3.25617e+12 -3.27721e+12 -3.29744e+12 -3.31686e+12 -3.33548e+12 -3.35328e+12 -3.37026e+12 -3.38642e+12 -3.40175e+12 -3.41625e+12 -3.42992e+12 -3.44275e+12 -3.45473e+12 -3.46587e+12 -3.47617e+12 -3.48562e+12 -3.49421e+12 -3.50196e+12 -3.50884e+12 -3.51487e+12 -3.52004e+12 -3.52435e+12 -3.5278e+12 -3.53039e+12 -3.53212e+12 -3.53298e+12 -3.53298e+12 -3.53212e+12 -3.53039e+12 -3.5278e+12 -3.52435e+12 -3.52004e+12 -3.51487e+12 -3.50884e+12 -3.50195e+12 -3.49421e+12 -3.48561e+12 -3.47616e+12 -3.46587e+12 -3.45472e+12 -3.44274e+12 -3.42991e+12 -3.41624e+12 -3.40174e+12 -3.38641e+12 -3.37025e+12 -3.35327e+12 -3.33547e+12 -3.31685e+12 -3.29742e+12 -3.27719e+12 -3.25616e+12 -3.23433e+12 -3.21171e+12 -3.18831e+12 -3.16413e+12 -3.13917e+12 -3.11345e+12 -3.08697e+12 -3.05973e+12 -3.03175e+12 -3.00303e+12 -2.97357e+12 -2.94338e+12 -2.91248e+12 -2.88087e+12 -2.84855e+12 -2.81553e+12 -2.78183e+12 -2.74745e+12 -2.7124e+12 -2.67668e+12 -2.64031e+12 -2.6033e+12 -2.56565e+12 -2.52737e+12 -2.48848e+12 -2.44898e+12 -2.40888e+12 -2.36819e+12 -2.32692e+12 -2.28508e+12 -2.24269e+12 -2.19975e+12 -2.15627e+12 -2.11226e+12 -2.06774e+12 -2.02271e+12 -1.97719e+12 -1.93119e+12 -1.88471e+12 -1.83778e+12 -1.79039e+12 -1.74257e+12 -1.69432e+12 -1.64566e+12 -1.59659e+12 -1.54714e+12 -1.49731e+12 -1.44711e+12 -1.39656e+12 -1.34567e+12 -1.29445e+12 -1.24291e+12 -1.19107e+12 -1.13893e+12 -1.08652e+12 -1.03385e+12 -9.80921e+11 -9.27753e+11 -8.74358e+11 -8.2075e+11 -7.66942e+11 -7.12946e+11 -6.58776e+11 -6.04445e+11 -5.49966e+11 -4.95353e+11 -4.40619e+11 -3.85777e+11 -3.30842e+11 -2.75825e+11 -2.20741e+11 -1.65603e+11 -1.10424e+11 -5.52189e+10 
-1.10426e+11 -2.20824e+11 -3.31169e+11 -4.41433e+11 -5.51589e+11 -6.6161e+11 -7.7147e+11 -8.81141e+11 -9.90597e+11 -1.09981e+12 -1.20876e+12 -1.31741e+12 -1.42573e+12 -1.53371e+12 -1.64132e+12 -1.74852e+12 -1.8553e+12 -1.96162e+12 -2.06747e+12 -2.17281e+12 -2.27762e+12 -2.38187e+12 -2.48554e+12 -2.5886e+12 -2.69103e+12 -2.79281e+12 -2.8939e+12 -2.99428e+12 -3.09394e+12 -3.19283e+12 -3.29095e+12 -3.38826e+12 -3.48475e+12 -3.58038e+12 -3.67514e+12 -3.769e+12 -3.86194e+12 -3.95394e+12 -4.04497e+12 -4.13502e+12 -4.22405e+12 -4.31205e+12 -4.399e+12 -4.48487e+12 -4.56965e+12 -4.65331e+12 -4.73584e+12 -4.8172e+12 -4.8974e+12 -4.97639e+12 -5.05417e+12 -5.13071e+12 -5.206e+12 -5.28002e+12 -5.35275e+12 -5.42417e+12 -5.49427e+12 -5.56302e+12 -5.63042e+12 -5.69644e+12 -5.76107e+12 -5.82429e+12 -5.88609e+12 -5.94645e+12 -6.00536e+12 -6.0628e+12 -6.11876e+12 -6.17322e+12 -6.22618e+12 -6.27761e+12 -6.32752e+12 -6.37587e+12 -6.42267e+12 -6.4679e+12 -6.51155e+12 -6.55361e+12 -6.59407e+12 -6.63292e+12 -6.67014e+12 -6.70574e+12 -6.7397e+12 -6.77201e+12 -6.80267e+12 -6.83167e+12 -6.859e+12 -6.88465e+12 -6.90862e+12 -6.9309e+12 -6.95149e+12 -6.97038e+12 -6.98757e+12 -7.00306e+12 -7.01683e+12 -7.02888e+12 -7.03922e+12 -7.04784e+12 -7.05474e+12 -7.05992e+12 -7.06337e+12 -7.06509e+12 -7.06509e+12 -7.06337e+12 -7.05992e+12 -7.05474e+12 -7.04784e+12 -7.03922e+12 -7.02888e+12 -7.01682e+12 -7.00304e+12 -6.98756e+12 -6.97037e+12 -6.95148e+12 -6.93089e+12 -6.9086e+12 -6.88463e+12 -6.85898e+12 -6.83165e+12 -6.80265e+12 -6.77199e+12 -6.73968e+12 -6.70572e+12 -6.67012e+12 -6.63289e+12 -6.59404e+12 -6.55358e+12 -6.51152e+12 -6.46787e+12 -6.42264e+12 -6.37584e+12 -6.32748e+12 -6.27758e+12 -6.22614e+12 -6.17319e+12 -6.11872e+12 -6.06276e+12 -6.00532e+12 -5.94641e+12 -5.88605e+12 -5.82425e+12 -5.76103e+12 -5.6964e+12 -5.63038e+12 -5.56298e+12 -5.49423e+12 -5.42413e+12 -5.35271e+12 -5.27998e+12 -5.20596e+12 -5.13067e+12 -5.05413e+12 -4.97635e+12 -4.89735e+12 -4.81716e+12 -4.7358e+12 -4.65327e+12 -4.56961e+12 -4.48483e+12 -4.39896e+12 -4.31201e+12 -4.22401e+12 -4.13498e+12 -4.04493e+12 -3.9539e+12 -3.86191e+12 -3.76897e+12 -3.6751e+12 -3.58035e+12 -3.48471e+12 -3.38823e+12 -3.29092e+12 -3.1928e+12 -3.0939e+12 -2.99425e+12 -2.89387e+12 -2.79278e+12 -2.691e+12 -2.58857e+12 -2.48551e+12 -2.38184e+12 -2.27759e+12 -2.17278e+12 -2.06745e+12 -1.9616e+12 -1.85528e+12 -1.7485e+12 -1.6413e+12 -1.5337e+12 -1.42572e+12 -1.31739e+12 -1.20874e+12 -1.0998e+12 -9.90585e+11 -8.8113e+11 -7.71461e+11 -6.61602e+11 -5.51582e+11 -4.41428e+11 -3.31165e+11 -2.20822e+11 -1.10424e+11 
-1.65605e+11 -3.31169e+11 -4.96652e+11 -6.62014e+11 -8.27215e+11 -9.92213e+11 -1.15697e+12 -1.32144e+12 -1.48559e+12 -1.64938e+12 -1.81276e+12 -1.97571e+12 -2.13817e+12 -2.3001e+12 -2.46148e+12 -2.62225e+12 -2.78238e+12 -2.94184e+12 -3.10057e+12 -3.25855e+12 -3.41573e+12 -3.57208e+12 -3.72755e+12 -3.88211e+12 -4.03573e+12 -4.18836e+12 -4.33996e+12 -4.49051e+12 -4.63996e+12 -4.78827e+12 -4.93542e+12 -5.08136e+12 -5.22606e+12 -5.36948e+12 -5.51159e+12 -5.65235e+12 -5.79174e+12 -5.9297e+12 -6.06622e+12 -6.20126e+12 -6.33478e+12 -6.46676e+12 -6.59716e+12 -6.72594e+12 -6.85308e+12 -6.97855e+12 -7.10231e+12 -7.22434e+12 -7.3446e+12 -7.46307e+12 -7.57971e+12 -7.6945e+12 -7.80742e+12 -7.91842e+12 -8.02749e+12 -8.1346e+12 -8.23973e+12 -8.34284e+12 -8.44391e+12 -8.54292e+12 -8.63984e+12 -8.73466e+12 -8.82733e+12 -8.91786e+12 -9.0062e+12 -9.09234e+12 -9.17627e+12 -9.25795e+12 -9.33736e+12 -9.4145e+12 -9.48934e+12 -9.56186e+12 -9.63204e+12 -9.69988e+12 -9.76534e+12 -9.82841e+12 -9.88909e+12 -9.94735e+12 -1.00032e+13 -1.00566e+13 -1.01075e+13 -1.0156e+13 -1.02019e+13 -1.02454e+13 -1.02864e+13 -1.03249e+13 -1.03608e+13 -1.03942e+13 -1.04251e+13 -1.04534e+13 -1.04792e+13 -1.05024e+13 -1.05231e+13 -1.05412e+13 -1.05567e+13 -1.05696e+13 -1.058e+13 -1.05877e+13 -1.05929e+13 -1.05955e+13 -1.05955e+13 -1.05929e+13 -1.05877e+13 -1.058e+13 -1.05696e+13 -1.05567e+13 -1.05412e+13 -1.05231e+13 -1.05024e+13 -1.04792e+13 -1.04534e+13 -1.04251e+13 -1.03942e+13 -1.03608e+13 -1.03248e+13 -1.02864e+13 -1.02454e+13 -1.02019e+13 -1.01559e+13 -1.01075e+13 -1.00565e+13 -1.00031e+13 -9.94731e+12 -9.88905e+12 -9.82837e+12 -9.76529e+12 -9.69983e+12 -9.632e+12 -9.56181e+12 -9.48929e+12 -9.41445e+12 -9.33731e+12 -9.25789e+12 -9.17621e+12 -9.09229e+12 -9.00614e+12 -8.9178e+12 -8.82728e+12 -8.7346e+12 -8.63978e+12 -8.54286e+12 -8.44385e+12 -8.34278e+12 -8.23967e+12 -8.13454e+12 -8.02743e+12 -7.91836e+12 -7.80735e+12 -7.69444e+12 -7.57965e+12 -7.463e+12 -7.34454e+12 -7.22427e+12 -7.10225e+12 -6.97849e+12 -6.85302e+12 -6.72588e+12 -6.59709e+12 -6.4667e+12 -6.33473e+12 -6.2012e+12 -6.06617e+12 -5.92965e+12 -5.79168e+12 -5.6523e+12 -5.51153e+12 -5.36943e+12 -5.226e+12 -5.08131e+12 -4.93537e+12 -4.78822e+12 -4.63991e+12 -4.49046e+12 -4.33992e+12 -4.18831e+12 -4.03568e+12 -3.88207e+12 -3.72751e+12 -3.57204e+12 -3.41569e+12 -3.25851e+12 -3.10054e+12 -2.9418e+12 -2.78235e+12 -2.62222e+12 -2.46145e+12 -2.30008e+12 -2.13814e+12 -1.97568e+12 -1.81274e+12 -1.64936e+12 -1.48558e+12 -1.32143e+12 -1.15696e+12 -9.92201e+11 -8.27205e+11 -6.62007e+11 -4.96647e+11 -3.31165e+11 -1.65603e+11 
-2.20743e+11 -4.41433e+11 -6.62014e+11 -8.82434e+11 -1.10264e+12 -1.32257e+12 -1.54219e+12 -1.76142e+12 -1.98023e+12 -2.19855e+12 -2.41633e+12 -2.63352e+12 -2.85007e+12 -3.06593e+12 -3.28103e+12 -3.49534e+12 -3.70879e+12 -3.92133e+12 -4.13292e+12 -4.34349e+12 -4.55301e+12 -4.76141e+12 -4.96865e+12 -5.17468e+12 -5.37944e+12 -5.58289e+12 -5.78497e+12 -5.98564e+12 -6.18485e+12 -6.38255e+12 -6.57868e+12 -6.77321e+12 -6.96609e+12 -7.15727e+12 -7.34669e+12 -7.53432e+12 -7.72011e+12 -7.90402e+12 -8.08599e+12 -8.26599e+12 -8.44397e+12 -8.61989e+12 -8.7937e+12 -8.96536e+12 -9.13484e+12 -9.30208e+12 -9.46705e+12 -9.6297e+12 -9.79001e+12 -9.94792e+12 -1.01034e+13 -1.02564e+13 -1.04069e+13 -1.05549e+13 -1.07003e+13 -1.0843e+13 -1.09832e+13 -1.11206e+13 -1.12553e+13 -1.13873e+13 -1.15165e+13 -1.16429e+13 -1.17664e+13 -1.18871e+13 -1.20048e+13 -1.21197e+13 -1.22315e+13 -1.23404e+13 -1.24463e+13 -1.25491e+13 -1.26488e+13 -1.27455e+13 -1.28391e+13 -1.29295e+13 -1.30167e+13 -1.31008e+13 -1.31817e+13 -1.32594e+13 -1.33338e+13 -1.34049e+13 -1.34728e+13 -1.35374e+13 -1.35987e+13 -1.36567e+13 -1.37113e+13 -1.37626e+13 -1.38105e+13 -1.3855e+13 -1.38962e+13 -1.3934e+13 -1.39683e+13 -1.39993e+13 -1.40268e+13 -1.40509e+13 -1.40716e+13 -1.40888e+13 -1.41026e+13 -1.41129e+13 -1.41198e+13 -1.41233e+13 -1.41233e+13 -1.41198e+13 -1.41129e+13 -1.41026e+13 -1.40888e+13 -1.40716e+13 -1.40509e+13 -1.40268e+13 -1.39992e+13 -1.39683e+13 -1.39339e+13 -1.38962e+13 -1.3855e+13 -1.38105e+13 -1.37625e+13 -1.37113e+13 -1.36566e+13 -1.35987e+13 -1.35374e+13 -1.34728e+13 -1.34049e+13 -1.33337e+13 -1.32593e+13 -1.31816e+13 -1.31008e+13 -1.30167e+13 -1.29294e+13 -1.2839e+13 -1.27454e+13 -1.26488e+13 -1.2549e+13 -1.24462e+13 -1.23403e+13 -1.22315e+13 -1.21196e+13 -1.20048e+13 -1.1887e+13 -1.17663e+13 -1.16428e+13 -1.15164e+13 -1.13872e+13 -1.12553e+13 -1.11205e+13 -1.09831e+13 -1.0843e+13 -1.07002e+13 -1.05548e+13 -1.04068e+13 -1.02563e+13 -1.01033e+13 -9.94783e+12 -9.78992e+12 -9.62962e+12 -9.46696e+12 -9.30199e+12 -9.13475e+12 -8.96528e+12 -8.79362e+12 -8.61981e+12 -8.44389e+12 -8.26591e+12 -8.08592e+12 -7.90394e+12 -7.72004e+12 -7.53425e+12 -7.34662e+12 -7.15719e+12 -6.96602e+12 -6.77314e+12 -6.57862e+12 -6.38248e+12 -6.18478e+12 -5.98558e+12 -5.78491e+12 -5.58283e+12 -5.37938e+12 -5.17462e+12 -4.9686e+12 -4.76136e+12 -4.55296e+12 -4.34344e+12 -4.13287e+12 -3.92129e+12 -3.70875e+12 -3.4953e+12 -3.281e+12 -3.06589e+12 -2.85004e+12 -2.63349e+12 -2.4163e+12 -2.19852e+12 -1.9802e+12 -1.7614e+12 -1.54217e+12 -1.32256e+12 -1.10263e+12 -8.82424e+11 -6.62007e+11 -4.41428e+11 -2.20741e+11 
-2.75828e+11 -5.51589e+11 -8.27215e+11 -1.10264e+12 -1.37779e+12 -1.65261e+12 -1.92703e+12 -2.20097e+12 -2.47437e+12 -2.74718e+12 -3.01931e+12 -3.2907e+12 -3.56129e+12 -3.83101e+12 -4.09979e+12 -4.36757e+12 -4.63428e+12 -4.89987e+12 -5.16425e+12 -5.42738e+12 -5.68917e+12 -5.94958e+12 -6.20854e+12 -6.46597e+12 -6.72183e+12 -6.97605e+12 -7.22856e+12 -7.47931e+12 -7.72823e+12 -7.97526e+12 -8.22034e+12 -8.46342e+12 -8.70442e+12 -8.9433e+12 -9.18e+12 -9.41445e+12 -9.64661e+12 -9.8764e+12 -1.01038e+13 -1.03287e+13 -1.05511e+13 -1.07709e+13 -1.09881e+13 -1.12026e+13 -1.14144e+13 -1.16233e+13 -1.18295e+13 -1.20327e+13 -1.2233e+13 -1.24303e+13 -1.26246e+13 -1.28158e+13 -1.30039e+13 -1.31888e+13 -1.33704e+13 -1.35488e+13 -1.37239e+13 -1.38957e+13 -1.4064e+13 -1.42289e+13 -1.43904e+13 -1.45483e+13 -1.47026e+13 -1.48534e+13 -1.50006e+13 -1.5144e+13 -1.52838e+13 -1.54199e+13 -1.55521e+13 -1.56806e+13 -1.58053e+13 -1.59261e+13 -1.6043e+13 -1.61559e+13 -1.6265e+13 -1.637e+13 -1.64711e+13 -1.65681e+13 -1.66611e+13 -1.675e+13 -1.68348e+13 -1.69156e+13 -1.69921e+13 -1.70646e+13 -1.71328e+13 -1.71969e+13 -1.72568e+13 -1.73124e+13 -1.73639e+13 -1.74111e+13 -1.7454e+13 -1.74927e+13 -1.75271e+13 -1.75572e+13 -1.7583e+13 -1.76045e+13 -1.76218e+13 -1.76347e+13 -1.76433e+13 -1.76476e+13 -1.76476e+13 -1.76433e+13 -1.76347e+13 -1.76218e+13 -1.76045e+13 -1.7583e+13 -1.75572e+13 -1.7527e+13 -1.74926e+13 -1.7454e+13 -1.7411e+13 -1.73638e+13 -1.73124e+13 -1.72567e+13 -1.71969e+13 -1.71328e+13 -1.70645e+13 -1.69921e+13 -1.69155e+13 -1.68348e+13 -1.675e+13 -1.6661e+13 -1.6568e+13 -1.6471e+13 -1.63699e+13 -1.62649e+13 -1.61559e+13 -1.60429e+13 -1.5926e+13 -1.58052e+13 -1.56805e+13 -1.55521e+13 -1.54198e+13 -1.52837e+13 -1.51439e+13 -1.50005e+13 -1.48533e+13 -1.47025e+13 -1.45482e+13 -1.43903e+13 -1.42288e+13 -1.40639e+13 -1.38956e+13 -1.37238e+13 -1.35487e+13 -1.33703e+13 -1.31887e+13 -1.30038e+13 -1.28157e+13 -1.26245e+13 -1.24302e+13 -1.22329e+13 -1.20326e+13 -1.18294e+13 -1.16232e+13 -1.14143e+13 -1.12025e+13 -1.0988e+13 -1.07708e+13 -1.0551e+13 -1.03286e+13 -1.01037e+13 -9.87631e+12 -9.64651e+12 -9.41436e+12 -9.17991e+12 -8.94321e+12 -8.70433e+12 -8.46333e+12 -8.22026e+12 -7.97517e+12 -7.72814e+12 -7.47923e+12 -7.22848e+12 -6.97597e+12 -6.72176e+12 -6.4659e+12 -6.20847e+12 -5.94952e+12 -5.68911e+12 -5.42732e+12 -5.16419e+12 -4.89981e+12 -4.63423e+12 -4.36752e+12 -4.09974e+12 -3.83096e+12 -3.56125e+12 -3.29066e+12 -3.01927e+12 -2.74714e+12 -2.47435e+12 -2.20094e+12 -1.927e+12 -1.65259e+12 -1.37778e+12 -1.10263e+12 -8.27205e+11 -5.51582e+11 -2.75825e+11 
-3.30845e+11 -6.6161e+11 -9.92213e+11 -1.32257e+12 -1.65261e+12 -1.98224e+12 -2.31139e+12 -2.63998e+12 -2.96792e+12 -3.29513e+12 -3.62154e+12 -3.94707e+12 -4.27163e+12 -4.59515e+12 -4.91754e+12 -5.23874e+12 -5.55865e+12 -5.87721e+12 -6.19433e+12 -6.50993e+12 -6.82395e+12 -7.1363e+12 -7.44691e+12 -7.75569e+12 -8.06259e+12 -8.36751e+12 -8.67039e+12 -8.97115e+12 -9.26972e+12 -9.56602e+12 -9.85999e+12 -1.01515e+13 -1.04406e+13 -1.07272e+13 -1.10111e+13 -1.12923e+13 -1.15707e+13 -1.18464e+13 -1.21191e+13 -1.23889e+13 -1.26556e+13 -1.29193e+13 -1.31798e+13 -1.34371e+13 -1.36911e+13 -1.39418e+13 -1.4189e+13 -1.44328e+13 -1.4673e+13 -1.49097e+13 -1.51428e+13 -1.53721e+13 -1.55977e+13 -1.58194e+13 -1.60373e+13 -1.62513e+13 -1.64613e+13 -1.66673e+13 -1.68693e+13 -1.70671e+13 -1.72607e+13 -1.74501e+13 -1.76353e+13 -1.78161e+13 -1.79926e+13 -1.81647e+13 -1.83324e+13 -1.84955e+13 -1.86542e+13 -1.88083e+13 -1.89578e+13 -1.91027e+13 -1.92429e+13 -1.93784e+13 -1.95092e+13 -1.96352e+13 -1.97564e+13 -1.98728e+13 -1.99844e+13 -2.0091e+13 -2.01928e+13 -2.02896e+13 -2.03814e+13 -2.04683e+13 -2.05502e+13 -2.0627e+13 -2.06989e+13 -2.07656e+13 -2.08273e+13 -2.08839e+13 -2.09354e+13 -2.09818e+13 -2.10231e+13 -2.10592e+13 -2.10902e+13 -2.1116e+13 -2.11367e+13 -2.11522e+13 -2.11625e+13 -2.11677e+13 -2.11677e+13 -2.11625e+13 -2.11522e+13 -2.11366e+13 -2.1116e+13 -2.10901e+13 -2.10592e+13 -2.1023e+13 -2.09818e+13 -2.09354e+13 -2.08839e+13 -2.08273e+13 -2.07656e+13 -2.06988e+13 -2.0627e+13 -2.05501e+13 -2.04683e+13 -2.03814e+13 -2.02895e+13 -2.01927e+13 -2.00909e+13 -1.99843e+13 -1.98727e+13 -1.97564e+13 -1.96351e+13 -1.95091e+13 -1.93783e+13 -1.92428e+13 -1.91026e+13 -1.89577e+13 -1.88082e+13 -1.86541e+13 -1.84954e+13 -1.83323e+13 -1.81646e+13 -1.79925e+13 -1.7816e+13 -1.76351e+13 -1.745e+13 -1.72606e+13 -1.70669e+13 -1.68691e+13 -1.66672e+13 -1.64612e+13 -1.62512e+13 -1.60372e+13 -1.58193e+13 -1.55975e+13 -1.5372e+13 -1.51426e+13 -1.49096e+13 -1.46729e+13 -1.44327e+13 -1.41889e+13 -1.39416e+13 -1.3691e+13 -1.3437e+13 -1.31797e+13 -1.29192e+13 -1.26555e+13 -1.23888e+13 -1.2119e+13 -1.18463e+13 -1.15706e+13 -1.12922e+13 -1.1011e+13 -1.0727e+13 -1.04405e+13 -1.01514e+13 -9.85989e+12 -9.56592e+12 -9.26962e+12 -8.97105e+12 -8.67029e+12 -8.36742e+12 -8.0625e+12 -7.75561e+12 -7.44682e+12 -7.13622e+12 -6.82387e+12 -6.50986e+12 -6.19426e+12 -5.87714e+12 -5.55859e+12 -5.23868e+12 -4.91749e+12 -4.5951e+12 -4.27158e+12 -3.94702e+12 -3.6215e+12 -3.2951e+12 -2.96788e+12 -2.63995e+12 -2.31137e+12 -1.98222e+12 -1.65259e+12 -1.32256e+12 -9.92201e+11 -6.61602e+11 -3.30842e+11 
-3.85782e+11 -7.7147e+11 -1.15697e+12 -1.54219e+12 -1.92703e+12 -2.31139e+12 -2.6952e+12 -3.07834e+12 -3.46074e+12 -3.84229e+12 -4.2229e+12 -4.60248e+12 -4.98093e+12 -5.35817e+12 -5.7341e+12 -6.10862e+12 -6.48166e+12 -6.85311e+12 -7.22289e+12 -7.5909e+12 -7.95706e+12 -8.32127e+12 -8.68346e+12 -9.04352e+12 -9.40137e+12 -9.75692e+12 -1.01101e+13 -1.04608e+13 -1.08089e+13 -1.11544e+13 -1.14972e+13 -1.18372e+13 -1.21743e+13 -1.25084e+13 -1.28394e+13 -1.31674e+13 -1.34921e+13 -1.38135e+13 -1.41315e+13 -1.44461e+13 -1.47571e+13 -1.50645e+13 -1.53683e+13 -1.56683e+13 -1.59645e+13 -1.62568e+13 -1.65451e+13 -1.68293e+13 -1.71095e+13 -1.73855e+13 -1.76572e+13 -1.79246e+13 -1.81876e+13 -1.84462e+13 -1.87003e+13 -1.89498e+13 -1.91947e+13 -1.94349e+13 -1.96704e+13 -1.9901e+13 -2.01268e+13 -2.03477e+13 -2.05636e+13 -2.07745e+13 -2.09803e+13 -2.11809e+13 -2.13764e+13 -2.15667e+13 -2.17517e+13 -2.19314e+13 -2.21057e+13 -2.22747e+13 -2.24382e+13 -2.25962e+13 -2.27487e+13 -2.28956e+13 -2.3037e+13 -2.31727e+13 -2.33027e+13 -2.34271e+13 -2.35458e+13 -2.36586e+13 -2.37657e+13 -2.38671e+13 -2.39625e+13 -2.40521e+13 -2.41359e+13 -2.42137e+13 -2.42857e+13 -2.43517e+13 -2.44117e+13 -2.44658e+13 -2.45139e+13 -2.4556e+13 -2.45922e+13 -2.46223e+13 -2.46464e+13 -2.46645e+13 -2.46765e+13 -2.46825e+13 -2.46825e+13 -2.46765e+13 -2.46645e+13 -2.46464e+13 -2.46223e+13 -2.45921e+13 -2.4556e+13 -2.45139e+13 -2.44658e+13 -2.44117e+13 -2.43516e+13 -2.42856e+13 -2.42137e+13 -2.41358e+13 -2.40521e+13 -2.39625e+13 -2.3867e+13 -2.37657e+13 -2.36586e+13 -2.35457e+13 -2.3427e+13 -2.33027e+13 -2.31726e+13 -2.30369e+13 -2.28955e+13 -2.27486e+13 -2.25961e+13 -2.24381e+13 -2.22746e+13 -2.21056e+13 -2.19313e+13 -2.17516e+13 -2.15666e+13 -2.13763e+13 -2.11808e+13 -2.09801e+13 -2.07743e+13 -2.05634e+13 -2.03475e+13 -2.01267e+13 -1.99009e+13 -1.96702e+13 -1.94348e+13 -1.91946e+13 -1.89497e+13 -1.87002e+13 -1.84461e+13 -1.81875e+13 -1.79245e+13 -1.76571e+13 -1.73853e+13 -1.71093e+13 -1.68292e+13 -1.65449e+13 -1.62566e+13 -1.59643e+13 -1.56682e+13 -1.53682e+13 -1.50644e+13 -1.4757e+13 -1.44459e+13 -1.41313e+13 -1.38133e+13 -1.34919e+13 -1.31672e+13 -1.28393e+13 -1.25083e+13 -1.21742e+13 -1.18371e+13 -1.14971e+13 -1.11543e+13 -1.08088e+13 -1.04607e+13 -1.011e+13 -9.75682e+12 -9.40127e+12 -9.04342e+12 -8.68336e+12 -8.32118e+12 -7.95697e+12 -7.59082e+12 -7.22281e+12 -6.85303e+12 -6.48158e+12 -6.10855e+12 -5.73403e+12 -5.35811e+12 -4.98087e+12 -4.60242e+12 -4.22285e+12 -3.84224e+12 -3.4607e+12 -3.07831e+12 -2.69517e+12 -2.31137e+12 -1.927e+12 -1.54217e+12 -1.15696e+12 -7.71461e+11 -3.85777e+11 
-4.40624e+11 -8.81141e+11 -1.32144e+12 -1.76142e+12 -2.20097e+12 -2.63998e+12 -3.07834e+12 -3.51596e+12 -3.95271e+12 -4.3885e+12 -4.82322e+12 -5.25676e+12 -5.68901e+12 -6.11988e+12 -6.54925e+12 -6.97702e+12 -7.40308e+12 -7.82734e+12 -8.24968e+12 -8.67001e+12 -9.08822e+12 -9.50422e+12 -9.91789e+12 -1.03291e+13 -1.07379e+13 -1.1144e+13 -1.15473e+13 -1.19479e+13 -1.23455e+13 -1.27402e+13 -1.31317e+13 -1.352e+13 -1.3905e+13 -1.42866e+13 -1.46647e+13 -1.50392e+13 -1.54101e+13 -1.57772e+13 -1.61404e+13 -1.64997e+13 -1.6855e+13 -1.72061e+13 -1.7553e+13 -1.78957e+13 -1.8234e+13 -1.85678e+13 -1.88971e+13 -1.92218e+13 -1.95418e+13 -1.9857e+13 -2.01673e+13 -2.04727e+13 -2.07732e+13 -2.10685e+13 -2.13587e+13 -2.16437e+13 -2.19234e+13 -2.21978e+13 -2.24667e+13 -2.27301e+13 -2.2988e+13 -2.32403e+13 -2.34869e+13 -2.37277e+13 -2.39628e+13 -2.4192e+13 -2.44153e+13 -2.46326e+13 -2.48439e+13 -2.50491e+13 -2.52483e+13 -2.54412e+13 -2.5628e+13 -2.58084e+13 -2.59826e+13 -2.61504e+13 -2.63119e+13 -2.64669e+13 -2.66154e+13 -2.67575e+13 -2.6893e+13 -2.70219e+13 -2.71443e+13 -2.726e+13 -2.7369e+13 -2.74714e+13 -2.7567e+13 -2.76559e+13 -2.77381e+13 -2.78135e+13 -2.78821e+13 -2.79438e+13 -2.79988e+13 -2.80469e+13 -2.80882e+13 -2.81226e+13 -2.81501e+13 -2.81707e+13 -2.81845e+13 -2.81914e+13 -2.81914e+13 -2.81845e+13 -2.81707e+13 -2.81501e+13 -2.81225e+13 -2.80881e+13 -2.80469e+13 -2.79987e+13 -2.79438e+13 -2.7882e+13 -2.78134e+13 -2.7738e+13 -2.76559e+13 -2.75669e+13 -2.74713e+13 -2.73689e+13 -2.72599e+13 -2.71442e+13 -2.70218e+13 -2.68929e+13 -2.67574e+13 -2.66153e+13 -2.64668e+13 -2.63118e+13 -2.61503e+13 -2.59825e+13 -2.58083e+13 -2.56278e+13 -2.54411e+13 -2.52481e+13 -2.5049e+13 -2.48438e+13 -2.46325e+13 -2.44151e+13 -2.41918e+13 -2.39626e+13 -2.37276e+13 -2.34867e+13 -2.32401e+13 -2.29879e+13 -2.273e+13 -2.24665e+13 -2.21976e+13 -2.19233e+13 -2.16436e+13 -2.13586e+13 -2.10684e+13 -2.0773e+13 -2.04726e+13 -2.01672e+13 -1.98568e+13 -1.95416e+13 -1.92216e+13 -1.88969e+13 -1.85676e+13 -1.82338e+13 -1.78955e+13 -1.75529e+13 -1.72059e+13 -1.68548e+13 -1.64995e+13 -1.61402e+13 -1.5777e+13 -1.54099e+13 -1.50391e+13 -1.46645e+13 -1.42864e+13 -1.39048e+13 -1.35198e+13 -1.31315e+13 -1.274e+13 -1.23454e+13 -1.19478e+13 -1.15472e+13 -1.11438e+13 -1.07377e+13 -1.0329e+13 -9.91778e+12 -9.50411e+12 -9.08812e+12 -8.66992e+12 -8.24959e+12 -7.82725e+12 -7.403e+12 -6.97694e+12 -6.54917e+12 -6.11981e+12 -5.68895e+12 -5.2567e+12 -4.82316e+12 -4.38845e+12 -3.95267e+12 -3.51592e+12 -3.07831e+12 -2.63995e+12 -2.20094e+12 -1.7614e+12 -1.32143e+12 -8.8113e+11 -4.40619e+11 
-4.95359e+11 -9.90597e+11 -1.48559e+12 -1.98023e+12 -2.47437e+12 -2.96792e+12 -3.46074e+12 -3.95271e+12 -4.44372e+12 -4.93364e+12 -5.42236e+12 -5.90976e+12 -6.39571e+12 -6.88009e+12 -7.3628e+12 -7.84371e+12 -8.3227e+12 -8.79966e+12 -9.27446e+12 -9.74701e+12 -1.02172e+13 -1.06848e+13 -1.11499e+13 -1.16122e+13 -1.20717e+13 -1.25283e+13 -1.29818e+13 -1.34321e+13 -1.38791e+13 -1.43227e+13 -1.47629e+13 -1.51994e+13 -1.56322e+13 -1.60613e+13 -1.64863e+13 -1.69074e+13 -1.73243e+13 -1.7737e+13 -1.81454e+13 -1.85493e+13 -1.89487e+13 -1.93434e+13 -1.97335e+13 -2.01187e+13 -2.0499e+13 -2.08743e+13 -2.12445e+13 -2.16095e+13 -2.19692e+13 -2.23236e+13 -2.26725e+13 -2.30159e+13 -2.33536e+13 -2.36857e+13 -2.40119e+13 -2.43323e+13 -2.46468e+13 -2.49552e+13 -2.52575e+13 -2.55537e+13 -2.58436e+13 -2.61272e+13 -2.64044e+13 -2.66752e+13 -2.69395e+13 -2.71971e+13 -2.74482e+13 -2.76925e+13 -2.793e+13 -2.81608e+13 -2.83846e+13 -2.86016e+13 -2.88115e+13 -2.90144e+13 -2.92102e+13 -2.93989e+13 -2.95804e+13 -2.97546e+13 -2.99216e+13 -3.00813e+13 -3.02336e+13 -3.03786e+13 -3.05161e+13 -3.06462e+13 -3.07688e+13 -3.08839e+13 -3.09914e+13 -3.10914e+13 -3.11837e+13 -3.12685e+13 -3.13456e+13 -3.1415e+13 -3.14768e+13 -3.15309e+13 -3.15773e+13 -3.1616e+13 -3.16469e+13 -3.16701e+13 -3.16856e+13 -3.16933e+13 -3.16933e+13 -3.16856e+13 -3.16701e+13 -3.16469e+13 -3.16159e+13 -3.15773e+13 -3.15309e+13 -3.14768e+13 -3.1415e+13 -3.13455e+13 -3.12684e+13 -3.11837e+13 -3.10913e+13 -3.09913e+13 -3.08838e+13 -3.07687e+13 -3.06461e+13 -3.0516e+13 -3.03785e+13 -3.02335e+13 -3.00812e+13 -2.99215e+13 -2.97545e+13 -2.95802e+13 -2.93987e+13 -2.92101e+13 -2.90142e+13 -2.88113e+13 -2.86014e+13 -2.83845e+13 -2.81606e+13 -2.79299e+13 -2.76923e+13 -2.7448e+13 -2.7197e+13 -2.69393e+13 -2.6675e+13 -2.64043e+13 -2.6127e+13 -2.58434e+13 -2.55535e+13 -2.52573e+13 -2.4955e+13 -2.46466e+13 -2.43321e+13 -2.40118e+13 -2.36855e+13 -2.33535e+13 -2.30157e+13 -2.26723e+13 -2.23234e+13 -2.19691e+13 -2.16093e+13 -2.12443e+13 -2.08741e+13 -2.04988e+13 -2.01185e+13 -1.97333e+13 -1.93433e+13 -1.89485e+13 -1.85491e+13 -1.81452e+13 -1.77368e+13 -1.73241e+13 -1.69072e+13 -1.64862e+13 -1.60611e+13 -1.56321e+13 -1.51993e+13 -1.47627e+13 -1.43226e+13 -1.3879e+13 -1.34319e+13 -1.29816e+13 -1.25281e+13 -1.20716e+13 -1.16121e+13 -1.11498e+13 -1.06847e+13 -1.02171e+13 -9.7469e+12 -9.27436e+12 -8.79956e+12 -8.3226e+12 -7.84362e+12 -7.36271e+12 -6.88001e+12 -6.39563e+12 -5.90969e+12 -5.4223e+12 -4.93359e+12 -4.44367e+12 -3.95267e+12 -3.4607e+12 -2.96788e+12 -2.47435e+12 -1.9802e+12 -1.48558e+12 -9.90585e+11 -4.95353e+11 
-5.49972e+11 -1.09981e+12 -1.64938e+12 -2.19855e+12 -2.74718e+12 -3.29513e+12 -3.84229e+12 -4.3885e+12 -4.93364e+12 -5.47758e+12 -6.02018e+12 -6.56131e+12 -7.10084e+12 -7.63863e+12 -8.17455e+12 -8.70848e+12 -9.24028e+12 -9.76982e+12 -1.0297e+13 -1.08216e+13 -1.13436e+13 -1.18628e+13 -1.23792e+13 -1.28925e+13 -1.34026e+13 -1.39095e+13 -1.4413e+13 -1.4913e+13 -1.54093e+13 -1.59018e+13 -1.63905e+13 -1.68752e+13 -1.73557e+13 -1.7832e+13 -1.8304e+13 -1.87714e+13 -1.92343e+13 -1.96925e+13 -2.01459e+13 -2.05944e+13 -2.10378e+13 -2.14761e+13 -2.19091e+13 -2.23368e+13 -2.2759e+13 -2.31757e+13 -2.35867e+13 -2.3992e+13 -2.43914e+13 -2.47848e+13 -2.51722e+13 -2.55534e+13 -2.59284e+13 -2.6297e+13 -2.66593e+13 -2.7015e+13 -2.73641e+13 -2.77065e+13 -2.80422e+13 -2.8371e+13 -2.86929e+13 -2.90077e+13 -2.93155e+13 -2.96162e+13 -2.99095e+13 -3.01956e+13 -3.04743e+13 -3.07456e+13 -3.10093e+13 -3.12655e+13 -3.15141e+13 -3.17549e+13 -3.1988e+13 -3.22132e+13 -3.24306e+13 -3.26401e+13 -3.28416e+13 -3.30351e+13 -3.32205e+13 -3.33978e+13 -3.35669e+13 -3.37279e+13 -3.38806e+13 -3.4025e+13 -3.41611e+13 -3.42888e+13 -3.44082e+13 -3.45192e+13 -3.46218e+13 -3.47158e+13 -3.48015e+13 -3.48786e+13 -3.49472e+13 -3.50072e+13 -3.50587e+13 -3.51016e+13 -3.5136e+13 -3.51618e+13 -3.5179e+13 -3.51875e+13 -3.51875e+13 -3.51789e+13 -3.51618e+13 -3.5136e+13 -3.51016e+13 -3.50587e+13 -3.50072e+13 -3.49471e+13 -3.48785e+13 -3.48014e+13 -3.47158e+13 -3.46217e+13 -3.45191e+13 -3.44081e+13 -3.42888e+13 -3.4161e+13 -3.40249e+13 -3.38804e+13 -3.37277e+13 -3.35668e+13 -3.33977e+13 -3.32204e+13 -3.3035e+13 -3.28415e+13 -3.264e+13 -3.24305e+13 -3.22131e+13 -3.19878e+13 -3.17547e+13 -3.15139e+13 -3.12653e+13 -3.10092e+13 -3.07454e+13 -3.04742e+13 -3.01954e+13 -2.99094e+13 -2.9616e+13 -2.93153e+13 -2.90076e+13 -2.86927e+13 -2.83708e+13 -2.8042e+13 -2.77063e+13 -2.73639e+13 -2.70148e+13 -2.66591e+13 -2.62968e+13 -2.59282e+13 -2.55532e+13 -2.5172e+13 -2.47846e+13 -2.43912e+13 -2.39918e+13 -2.35865e+13 -2.31755e+13 -2.27588e+13 -2.23366e+13 -2.19089e+13 -2.14759e+13 -2.10376e+13 -2.05942e+13 -2.01457e+13 -1.96923e+13 -1.92341e+13 -1.87713e+13 -1.83038e+13 -1.78318e+13 -1.73555e+13 -1.6875e+13 -1.63903e+13 -1.59017e+13 -1.54091e+13 -1.49128e+13 -1.44128e+13 -1.39094e+13 -1.34025e+13 -1.28923e+13 -1.2379e+13 -1.18627e+13 -1.13435e+13 -1.08215e+13 -1.02969e+13 -9.76971e+12 -9.24018e+12 -8.70838e+12 -8.17446e+12 -7.63854e+12 -7.10075e+12 -6.56123e+12 -6.02011e+12 -5.47752e+12 -4.93359e+12 -4.38845e+12 -3.84224e+12 -3.2951e+12 -2.74714e+12 -2.19852e+12 -1.64936e+12 -1.0998e+12 -5.49966e+11 
-6.04452e+11 -1.20876e+12 -1.81276e+12 -2.41633e+12 -3.01931e+12 -3.62154e+12 -4.2229e+12 -4.82322e+12 -5.42236e+12 -6.02018e+12 -6.61653e+12 -7.21126e+12 -7.80423e+12 -8.3953e+12 -8.98431e+12 -9.57113e+12 -1.01556e+13 -1.07376e+13 -1.1317e+13 -1.18936e+13 -1.24673e+13 -1.3038e+13 -1.36054e+13 -1.41696e+13 -1.47303e+13 -1.52874e+13 -1.58407e+13 -1.63902e+13 -1.69357e+13 -1.7477e+13 -1.80141e+13 -1.85468e+13 -1.90749e+13 -1.95984e+13 -2.01171e+13 -2.06309e+13 -2.11396e+13 -2.16432e+13 -2.21415e+13 -2.26344e+13 -2.31218e+13 -2.36035e+13 -2.40794e+13 -2.45495e+13 -2.50135e+13 -2.54715e+13 -2.59232e+13 -2.63686e+13 -2.68075e+13 -2.72399e+13 -2.76657e+13 -2.80847e+13 -2.84968e+13 -2.8902e+13 -2.93001e+13 -2.9691e+13 -3.00747e+13 -3.04511e+13 -3.082e+13 -3.11814e+13 -3.15351e+13 -3.18812e+13 -3.22195e+13 -3.25499e+13 -3.28723e+13 -3.31867e+13 -3.34931e+13 -3.37912e+13 -3.40811e+13 -3.43626e+13 -3.46358e+13 -3.49005e+13 -3.51566e+13 -3.54042e+13 -3.56432e+13 -3.58734e+13 -3.60948e+13 -3.63075e+13 -3.65113e+13 -3.67061e+13 -3.6892e+13 -3.70689e+13 -3.72367e+13 -3.73954e+13 -3.7545e+13 -3.76854e+13 -3.78166e+13 -3.79386e+13 -3.80513e+13 -3.81547e+13 -3.82488e+13 -3.83336e+13 -3.8409e+13 -3.8475e+13 -3.85316e+13 -3.85787e+13 -3.86165e+13 -3.86448e+13 -3.86637e+13 -3.86732e+13 -3.86732e+13 -3.86637e+13 -3.86448e+13 -3.86165e+13 -3.85787e+13 -3.85315e+13 -3.84749e+13 -3.84089e+13 -3.83335e+13 -3.82488e+13 -3.81547e+13 -3.80512e+13 -3.79385e+13 -3.78166e+13 -3.76853e+13 -3.75449e+13 -3.73953e+13 -3.72366e+13 -3.70688e+13 -3.68919e+13 -3.6706e+13 -3.65111e+13 -3.63073e+13 -3.60947e+13 -3.58732e+13 -3.5643e+13 -3.54041e+13 -3.51565e+13 -3.49003e+13 -3.46356e+13 -3.43624e+13 -3.40809e+13 -3.3791e+13 -3.34929e+13 -3.31865e+13 -3.28721e+13 -3.25497e+13 -3.22193e+13 -3.1881e+13 -3.15349e+13 -3.11812e+13 -3.08198e+13 -3.04509e+13 -3.00745e+13 -2.96908e+13 -2.92999e+13 -2.89017e+13 -2.84966e+13 -2.80845e+13 -2.76655e+13 -2.72397e+13 -2.68073e+13 -2.63684e+13 -2.5923e+13 -2.54712e+13 -2.50133e+13 -2.45492e+13 -2.40792e+13 -2.36032e+13 -2.31215e+13 -2.26342e+13 -2.21413e+13 -2.1643e+13 -2.11394e+13 -2.06307e+13 -2.01169e+13 -1.95982e+13 -1.90747e+13 -1.85466e+13 -1.80139e+13 -1.74769e+13 -1.69355e+13 -1.639e+13 -1.58406e+13 -1.52872e+13 -1.47301e+13 -1.41694e+13 -1.36053e+13 -1.30378e+13 -1.24672e+13 -1.18935e+13 -1.13169e+13 -1.07375e+13 -1.01555e+13 -9.57102e+12 -8.98421e+12 -8.3952e+12 -7.80414e+12 -7.21118e+12 -6.61645e+12 -6.02011e+12 -5.4223e+12 -4.82316e+12 -4.22285e+12 -3.6215e+12 -3.01927e+12 -2.4163e+12 -1.81274e+12 -1.20874e+12 -6.04445e+11 
-6.58783e+11 -1.31741e+12 -1.97571e+12 -2.63352e+12 -3.2907e+12 -3.94707e+12 -4.60248e+12 -5.25676e+12 -5.90976e+12 -6.56131e+12 -7.21126e+12 -7.85945e+12 -8.50572e+12 -9.14991e+12 -9.79187e+12 -1.04314e+13 -1.10684e+13 -1.17028e+13 -1.23342e+13 -1.29627e+13 -1.35879e+13 -1.42099e+13 -1.48284e+13 -1.54432e+13 -1.60543e+13 -1.66615e+13 -1.72646e+13 -1.78635e+13 -1.8458e+13 -1.9048e+13 -1.96333e+13 -2.02139e+13 -2.07895e+13 -2.136e+13 -2.19254e+13 -2.24853e+13 -2.30398e+13 -2.35886e+13 -2.41317e+13 -2.46689e+13 -2.52001e+13 -2.57251e+13 -2.62438e+13 -2.67561e+13 -2.72619e+13 -2.7761e+13 -2.82533e+13 -2.87387e+13 -2.92171e+13 -2.96884e+13 -3.01524e+13 -3.06091e+13 -3.10583e+13 -3.14999e+13 -3.19337e+13 -3.23598e+13 -3.2778e+13 -3.31882e+13 -3.35903e+13 -3.39841e+13 -3.43697e+13 -3.47469e+13 -3.51155e+13 -3.54756e+13 -3.58271e+13 -3.61698e+13 -3.65036e+13 -3.68285e+13 -3.71445e+13 -3.74513e+13 -3.7749e+13 -3.80375e+13 -3.83167e+13 -3.85866e+13 -3.8847e+13 -3.90979e+13 -3.93393e+13 -3.9571e+13 -3.97931e+13 -4.00055e+13 -4.02081e+13 -4.04008e+13 -4.05838e+13 -4.07567e+13 -4.09198e+13 -4.10728e+13 -4.12158e+13 -4.13488e+13 -4.14716e+13 -4.15843e+13 -4.16868e+13 -4.17792e+13 -4.18614e+13 -4.19333e+13 -4.1995e+13 -4.20464e+13 -4.20876e+13 -4.21184e+13 -4.2139e+13 -4.21493e+13 -4.21493e+13 -4.2139e+13 -4.21184e+13 -4.20875e+13 -4.20464e+13 -4.19949e+13 -4.19333e+13 -4.18613e+13 -4.17791e+13 -4.16868e+13 -4.15842e+13 -4.14715e+13 -4.13487e+13 -4.12157e+13 -4.10727e+13 -4.09197e+13 -4.07566e+13 -4.05836e+13 -4.04007e+13 -4.02079e+13 -4.00053e+13 -3.97929e+13 -3.95709e+13 -3.93391e+13 -3.90977e+13 -3.88468e+13 -3.85864e+13 -3.83165e+13 -3.80373e+13 -3.77488e+13 -3.74511e+13 -3.71443e+13 -3.68283e+13 -3.65034e+13 -3.61695e+13 -3.58269e+13 -3.54754e+13 -3.51153e+13 -3.47466e+13 -3.43695e+13 -3.39839e+13 -3.359e+13 -3.3188e+13 -3.27778e+13 -3.23596e+13 -3.19335e+13 -3.14996e+13 -3.1058e+13 -3.06088e+13 -3.01522e+13 -2.96882e+13 -2.92169e+13 -2.87385e+13 -2.82531e+13 -2.77607e+13 -2.72616e+13 -2.67559e+13 -2.62435e+13 -2.57248e+13 -2.51998e+13 -2.46687e+13 -2.41315e+13 -2.35884e+13 -2.30396e+13 -2.24851e+13 -2.19251e+13 -2.13598e+13 -2.07893e+13 -2.02137e+13 -1.96331e+13 -1.90478e+13 -1.84578e+13 -1.78633e+13 -1.72644e+13 -1.66613e+13 -1.60541e+13 -1.54431e+13 -1.48282e+13 -1.42097e+13 -1.35878e+13 -1.29625e+13 -1.23341e+13 -1.17026e+13 -1.10683e+13 -1.04313e+13 -9.79176e+12 -9.14981e+12 -8.50562e+12 -7.85936e+12 -7.21118e+12 -6.56123e+12 -5.90969e+12 -5.2567e+12 -4.60242e+12 -3.94702e+12 -3.29066e+12 -2.63349e+12 -1.97568e+12 -1.31739e+12 -6.58776e+11 
-7.12954e+11 -1.42573e+12 -2.13817e+12 -2.85007e+12 -3.56129e+12 -4.27163e+12 -4.98093e+12 -5.68901e+12 -6.39571e+12 -7.10084e+12 -7.80423e+12 -8.50572e+12 -9.20513e+12 -9.90229e+12 -1.0597e+13 -1.12892e+13 -1.19786e+13 -1.26651e+13 -1.33484e+13 -1.40286e+13 -1.47052e+13 -1.53783e+13 -1.60477e+13 -1.67131e+13 -1.73744e+13 -1.80315e+13 -1.86842e+13 -1.93323e+13 -1.99757e+13 -2.06143e+13 -2.12477e+13 -2.1876e+13 -2.2499e+13 -2.31164e+13 -2.37282e+13 -2.43343e+13 -2.49343e+13 -2.55283e+13 -2.6116e+13 -2.66974e+13 -2.72722e+13 -2.78404e+13 -2.84018e+13 -2.89562e+13 -2.95036e+13 -3.00437e+13 -3.05765e+13 -3.11019e+13 -3.16196e+13 -3.21296e+13 -3.26318e+13 -3.3126e+13 -3.36121e+13 -3.409e+13 -3.45596e+13 -3.50207e+13 -3.54733e+13 -3.59172e+13 -3.63523e+13 -3.67786e+13 -3.71959e+13 -3.7604e+13 -3.8003e+13 -3.83927e+13 -3.87731e+13 -3.91439e+13 -3.95052e+13 -3.98569e+13 -4.01988e+13 -4.05309e+13 -4.08531e+13 -4.11653e+13 -4.14674e+13 -4.17595e+13 -4.20413e+13 -4.23128e+13 -4.25741e+13 -4.28249e+13 -4.30652e+13 -4.32951e+13 -4.35143e+13 -4.37229e+13 -4.39209e+13 -4.41081e+13 -4.42845e+13 -4.44502e+13 -4.46049e+13 -4.47488e+13 -4.48817e+13 -4.50037e+13 -4.51147e+13 -4.52146e+13 -4.53036e+13 -4.53814e+13 -4.54482e+13 -4.55038e+13 -4.55484e+13 -4.55818e+13 -4.56041e+13 -4.56152e+13 -4.56152e+13 -4.5604e+13 -4.55818e+13 -4.55483e+13 -4.55038e+13 -4.54481e+13 -4.53814e+13 -4.53035e+13 -4.52146e+13 -4.51146e+13 -4.50036e+13 -4.48816e+13 -4.47487e+13 -4.46048e+13 -4.44501e+13 -4.42844e+13 -4.4108e+13 -4.39207e+13 -4.37228e+13 -4.35142e+13 -4.32949e+13 -4.30651e+13 -4.28247e+13 -4.25739e+13 -4.23127e+13 -4.20411e+13 -4.17593e+13 -4.14672e+13 -4.11651e+13 -4.08529e+13 -4.05307e+13 -4.01986e+13 -3.98567e+13 -3.9505e+13 -3.91437e+13 -3.87728e+13 -3.83925e+13 -3.80028e+13 -3.76038e+13 -3.71956e+13 -3.67783e+13 -3.63521e+13 -3.5917e+13 -3.5473e+13 -3.50205e+13 -3.45593e+13 -3.40898e+13 -3.36119e+13 -3.31258e+13 -3.26316e+13 -3.21294e+13 -3.16194e+13 -3.11016e+13 -3.05763e+13 -3.00435e+13 -2.95033e+13 -2.89559e+13 -2.84015e+13 -2.78401e+13 -2.7272e+13 -2.66971e+13 -2.61158e+13 -2.5528e+13 -2.49341e+13 -2.4334e+13 -2.3728e+13 -2.31162e+13 -2.24988e+13 -2.18758e+13 -2.12475e+13 -2.0614e+13 -1.99755e+13 -1.93321e+13 -1.8684e+13 -1.80313e+13 -1.73742e+13 -1.67129e+13 -1.60475e+13 -1.53782e+13 -1.47051e+13 -1.40284e+13 -1.33483e+13 -1.26649e+13 -1.19785e+13 -1.12891e+13 -1.05969e+13 -9.90218e+12 -9.20503e+12 -8.50562e+12 -7.80414e+12 -7.10075e+12 -6.39563e+12 -5.68895e+12 -4.98087e+12 -4.27158e+12 -3.56125e+12 -2.85004e+12 -2.13814e+12 -1.42572e+12 -7.12946e+11 
-7.6695e+11 -1.53371e+12 -2.3001e+12 -3.06593e+12 -3.83101e+12 -4.59515e+12 -5.35817e+12 -6.11988e+12 -6.88009e+12 -7.63863e+12 -8.3953e+12 -9.14991e+12 -9.90229e+12 -1.06523e+13 -1.13996e+13 -1.21442e+13 -1.28858e+13 -1.36243e+13 -1.43594e+13 -1.5091e+13 -1.5819e+13 -1.6543e+13 -1.72631e+13 -1.79789e+13 -1.86903e+13 -1.93972e+13 -2.00993e+13 -2.07965e+13 -2.14886e+13 -2.21755e+13 -2.2857e+13 -2.35328e+13 -2.4203e+13 -2.48672e+13 -2.55253e+13 -2.61772e+13 -2.68228e+13 -2.74617e+13 -2.8094e+13 -2.87194e+13 -2.93377e+13 -2.99489e+13 -3.05528e+13 -3.11492e+13 -3.17381e+13 -3.23191e+13 -3.28923e+13 -3.34574e+13 -3.40144e+13 -3.4563e+13 -3.51032e+13 -3.56349e+13 -3.61578e+13 -3.66719e+13 -3.7177e+13 -3.76731e+13 -3.81599e+13 -3.86374e+13 -3.91055e+13 -3.95641e+13 -4.00129e+13 -4.0452e+13 -4.08812e+13 -4.13005e+13 -4.17096e+13 -4.21086e+13 -4.24972e+13 -4.28755e+13 -4.32433e+13 -4.36005e+13 -4.39471e+13 -4.4283e+13 -4.4608e+13 -4.49222e+13 -4.52253e+13 -4.55175e+13 -4.57985e+13 -4.60683e+13 -4.63268e+13 -4.65741e+13 -4.68099e+13 -4.70344e+13 -4.72473e+13 -4.74487e+13 -4.76385e+13 -4.78167e+13 -4.79831e+13 -4.81379e+13 -4.82809e+13 -4.84121e+13 -4.85315e+13 -4.8639e+13 -4.87347e+13 -4.88184e+13 -4.88902e+13 -4.89501e+13 -4.8998e+13 -4.9034e+13 -4.90579e+13 -4.90699e+13 -4.90699e+13 -4.90579e+13 -4.9034e+13 -4.8998e+13 -4.89501e+13 -4.88902e+13 -4.88184e+13 -4.87346e+13 -4.8639e+13 -4.85314e+13 -4.8412e+13 -4.82808e+13 -4.81378e+13 -4.7983e+13 -4.78165e+13 -4.76384e+13 -4.74485e+13 -4.72471e+13 -4.70342e+13 -4.68098e+13 -4.65739e+13 -4.63266e+13 -4.60681e+13 -4.57983e+13 -4.55173e+13 -4.52251e+13 -4.4922e+13 -4.46078e+13 -4.42828e+13 -4.39469e+13 -4.36003e+13 -4.32431e+13 -4.28753e+13 -4.2497e+13 -4.21083e+13 -4.17094e+13 -4.13002e+13 -4.0881e+13 -4.04518e+13 -4.00127e+13 -3.95638e+13 -3.91053e+13 -3.86372e+13 -3.81596e+13 -3.76728e+13 -3.71767e+13 -3.66716e+13 -3.61575e+13 -3.56346e+13 -3.51029e+13 -3.45627e+13 -3.40141e+13 -3.34571e+13 -3.2892e+13 -3.23188e+13 -3.17378e+13 -3.1149e+13 -3.05525e+13 -2.99487e+13 -2.93375e+13 -2.87191e+13 -2.80937e+13 -2.74614e+13 -2.68225e+13 -2.6177e+13 -2.55251e+13 -2.48669e+13 -2.42027e+13 -2.35326e+13 -2.28567e+13 -2.21753e+13 -2.14884e+13 -2.07963e+13 -2.00991e+13 -1.9397e+13 -1.86901e+13 -1.79787e+13 -1.72629e+13 -1.65429e+13 -1.58188e+13 -1.50909e+13 -1.43592e+13 -1.36241e+13 -1.28857e+13 -1.21441e+13 -1.13995e+13 -1.06521e+13 -9.90218e+12 -9.14981e+12 -8.3952e+12 -7.63854e+12 -6.88001e+12 -6.11981e+12 -5.3581e+12 -4.59509e+12 -3.83096e+12 -3.06589e+12 -2.30008e+12 -1.5337e+12 -7.66941e+11 
-8.2076e+11 -1.64132e+12 -2.46148e+12 -3.28103e+12 -4.09979e+12 -4.91754e+12 -5.7341e+12 -6.54925e+12 -7.3628e+12 -8.17455e+12 -8.98431e+12 -9.79187e+12 -1.0597e+13 -1.13996e+13 -1.21994e+13 -1.29962e+13 -1.37899e+13 -1.45801e+13 -1.53669e+13 -1.61498e+13 -1.69288e+13 -1.77037e+13 -1.84742e+13 -1.92403e+13 -2.00016e+13 -2.07581e+13 -2.15095e+13 -2.22556e+13 -2.29963e+13 -2.37313e+13 -2.44606e+13 -2.51839e+13 -2.59011e+13 -2.66119e+13 -2.73162e+13 -2.80138e+13 -2.87046e+13 -2.93884e+13 -3.0065e+13 -3.07343e+13 -3.13961e+13 -3.20501e+13 -3.26964e+13 -3.33347e+13 -3.39648e+13 -3.45866e+13 -3.52e+13 -3.58048e+13 -3.64008e+13 -3.6988e+13 -3.75661e+13 -3.8135e+13 -3.86946e+13 -3.92448e+13 -3.97854e+13 -4.03162e+13 -4.08372e+13 -4.13482e+13 -4.18492e+13 -4.23399e+13 -4.28202e+13 -4.32901e+13 -4.37495e+13 -4.41981e+13 -4.4636e+13 -4.50629e+13 -4.54788e+13 -4.58836e+13 -4.62773e+13 -4.66596e+13 -4.70305e+13 -4.73899e+13 -4.77377e+13 -4.80739e+13 -4.83983e+13 -4.8711e+13 -4.90117e+13 -4.93004e+13 -4.95771e+13 -4.98417e+13 -5.00941e+13 -5.03343e+13 -5.05622e+13 -5.07777e+13 -5.09808e+13 -5.11715e+13 -5.13496e+13 -5.15153e+13 -5.16683e+13 -5.18087e+13 -5.19365e+13 -5.20515e+13 -5.21539e+13 -5.22435e+13 -5.23204e+13 -5.23844e+13 -5.24357e+13 -5.24742e+13 -5.24998e+13 -5.25127e+13 -5.25127e+13 -5.24998e+13 -5.24742e+13 -5.24357e+13 -5.23844e+13 -5.23203e+13 -5.22435e+13 -5.21538e+13 -5.20515e+13 -5.19364e+13 -5.18086e+13 -5.16682e+13 -5.15151e+13 -5.13495e+13 -5.11713e+13 -5.09807e+13 -5.07775e+13 -5.0562e+13 -5.03341e+13 -5.00939e+13 -4.98415e+13 -4.95769e+13 -4.93002e+13 -4.90115e+13 -4.87107e+13 -4.83981e+13 -4.80737e+13 -4.77375e+13 -4.73896e+13 -4.70302e+13 -4.66593e+13 -4.6277e+13 -4.58834e+13 -4.54786e+13 -4.50626e+13 -4.46357e+13 -4.41978e+13 -4.37492e+13 -4.32899e+13 -4.282e+13 -4.23396e+13 -4.18489e+13 -4.13479e+13 -4.08369e+13 -4.03159e+13 -3.9785e+13 -3.92445e+13 -3.86943e+13 -3.81347e+13 -3.75658e+13 -3.69877e+13 -3.64005e+13 -3.58045e+13 -3.51997e+13 -3.45863e+13 -3.39645e+13 -3.33344e+13 -3.26961e+13 -3.20498e+13 -3.13958e+13 -3.0734e+13 -3.00647e+13 -2.93881e+13 -2.87044e+13 -2.80136e+13 -2.73159e+13 -2.66116e+13 -2.59008e+13 -2.51836e+13 -2.44604e+13 -2.37311e+13 -2.2996e+13 -2.22553e+13 -2.15092e+13 -2.07578e+13 -2.00014e+13 -1.92401e+13 -1.8474e+13 -1.77035e+13 -1.69286e+13 -1.61496e+13 -1.53667e+13 -1.458e+13 -1.37897e+13 -1.29961e+13 -1.21993e+13 -1.13995e+13 -1.05969e+13 -9.79176e+12 -8.9842e+12 -8.17446e+12 -7.36271e+12 -6.54917e+12 -5.73403e+12 -4.91749e+12 -4.09974e+12 -3.281e+12 -2.46145e+12 -1.6413e+12 -8.2075e+11 
