-0.857142 -0.714286 -0.571431 -0.42857 -0.285724 -0.142857 
-0.714286 -1.42857 -1.14285 -0.857158 -0.571429 -0.285704 
-0.571431 -1.14285 -1.7143 -1.28571 -0.857128 -0.428573 
-0.42857 -0.857158 -1.28571 -1.71427 -1.14286 -0.571426 
-0.285724 -0.571429 -0.857128 -1.14286 -1.42857 -0.714286 
-0.142857 -0.285704 -0.428573 -0.571426 -0.714286 -0.857143 
