-1079.24 -1420.86 -827.783 220.024 933.537 808.839 
-1420.86 -1907.04 -1200.87 105.745 1028.9 933.578 
-827.783 -1200.87 -973.545 -392.02 105.805 220.09 
220.024 105.745 -392.02 -973.508 -1200.85 -827.782 
933.537 1028.9 105.805 -1200.85 -1907.12 -1420.97 
808.839 933.578 220.09 -827.782 -1420.97 -1079.36 
