-5112.17 -8287.92 -8670.03 -6822.12 -4135.71 -1782.36 
-8287.92 -13782.2 -15110 -12805.7 -8604.34 -4135.59 
-8670.03 -15110 -17917.9 -16892.2 -12805.4 -6821.84 
-6822.12 -12805.7 -16892.2 -17917.6 -15109.6 -8669.76 
-4135.71 -8604.34 -12805.4 -15109.6 -13781.9 -8287.82 
-1782.36 -4135.59 -6821.84 -8669.76 -8287.82 -5112.19 
