-3.69898e-44 6.6666e-44 -8.31541e-44 8.31795e-44 -6.67232e-44 3.70356e-44 
6.6666e-44 -1.20151e-43 1.49867e-43 -1.49913e-43 1.20254e-43 -6.67486e-44 
-8.31541e-44 1.49867e-43 -1.86933e-43 1.8699e-43 -1.49995e-43 8.32571e-44 
8.31795e-44 -1.49913e-43 1.8699e-43 -1.87047e-43 1.50041e-43 -8.32825e-44 
-6.67232e-44 1.20254e-43 -1.49995e-43 1.50041e-43 -1.20357e-43 6.68058e-44 
3.70356e-44 -6.67486e-44 8.32571e-44 -8.32825e-44 6.68058e-44 -3.70815e-44 
