-1.2265 2.2102 -2.75631 2.75658 -2.2108 1.22697 
2.2102 -3.98288 4.967 -4.96748 3.98395 -2.21106 
-2.75631 4.967 -6.19429 6.19488 -4.96834 2.75739 
2.75658 -4.96748 6.19488 -6.19548 4.96882 -2.75765 
-2.2108 3.98395 -4.96834 4.96882 -3.98503 2.21166 
1.22697 -2.21106 2.75739 -2.75765 2.21166 -1.22745 
